04:00.0 Ethernet controller: Realtek Semiconductor Co., Ltd. RTL8125 2.5GbE Controller (rev 05)
00: ec 10 25 81 07 04 10 00 05 00 00 02 10 00 00 00
10: 01 3f 00 00 00 00 00 00 04 00 1f 51 00 00 00 00
20: 04 c0 1e 51 00 00 00 00 00 00 00 00 62 14 43 7d
30: 00 00 00 00 40 00 00 00 00 00 00 00 00 01 00 00
40: 01 50 c3 ff 08 00 00 00 00 00 00 00 00 00 00 00
50: 05 70 80 01 00 00 00 00 00 00 00 00 00 00 00 00
60: 00 00 00 00 00 00 00 00 00 00 00 00 00 00 00 00
70: 10 b0 02 02 c1 8c 90 05 30 50 10 00 12 7c 47 00
80: 40 01 12 10 00 00 00 00 00 00 00 00 00 00 00 00
90: 00 00 00 00 1f 18 0c 00 10 04 00 00 06 00 00 00
a0: 02 00 00 00 00 00 00 00 00 00 00 00 00 00 00 00
b0: 11 d0 1f 80 04 00 00 00 04 08 00 00 00 00 00 00
c0: 00 00 00 00 00 00 00 00 00 00 00 00 00 00 00 00
d0: 03 00 00 00 00 00 00 00 00 00 00 00 00 00 00 00
e0: 00 00 00 00 00 00 00 00 00 00 00 00 00 00 00 00
f0: 00 00 00 00 00 00 00 00 00 00 00 00 00 00 00 00